{
    "w": 1200,
    "h": 1200,
    "fl_x": 1210.3679719586319,
    "fl_y": 1234.4439263596164,
    "cx": 599.6894995951992,
    "cy": 811.3884128378637,
    "k1": 0.06407843098276064,
    "k2": -0.0963394995931094,
    "p1": -0.002543973720380381,
    "p2": -0.002435450346175171,
    "camera_angle_x": 0.6622097145133554,
    "camera_model": "OPENCV",
    "applied_transform": [
        [
            1.0,
            0.0,
            0.0,
            0.0
        ],
        [
            0.0,
            0.0,
            1.0,
            0.0
        ],
        [
            -0.0,
            -1.0,
            -0.0,
            -0.0
        ]
    ],
    "ply_file_path": "sparse_pc.ply",
    "frames": [
        {
            "file_path": "images/circle_00000.jpg",
            "transform_matrix": [
                [
                    0.0,
                    0.0,
                    1.0,
                    2.0
                ],
                [
                    1.0,
                    0.0,
                    -0.0,
                    0.0
                ],
                [
                    -0.0,
                    1.0,
                    -0.0,
                    -0.5
                ],
                [
                    0.0,
                    0.0,
                    0.0,
                    1.0
                ]
            ]
        },
        {
            "file_path": "images/circle_00001.jpg",
            "transform_matrix": [
                [
                    -0.07845909572784494,
                    0.0,
                    0.996917333733128,
                    1.993834667466256
                ],
                [
                    0.996917333733128,
                    0.0,
                    0.07845909572784494,
                    0.1569181914556899
                ],
                [
                    0.0,
                    1.0,
                    -0.0,
                    -0.5
                ],
                [
                    0.0,
                    0.0,
                    0.0,
                    1.0
                ]
            ]
        },
        {
            "file_path": "images/circle_00002.jpg",
            "transform_matrix": [
                [
                    -0.15643446504023087,
                    0.0,
                    0.9876883405951378,
                    1.9753766811902755
                ],
                [
                    0.9876883405951378,
                    0.0,
                    0.15643446504023087,
                    0.31286893008046174
                ],
                [
                    0.0,
                    1.0,
                    -0.0,
                    -0.5
                ],
                [
                    0.0,
                    0.0,
                    0.0,
                    1.0
                ]
            ]
        },
        {
            "file_path": "images/circle_00003.jpg",
            "transform_matrix": [
                [
                    -0.23344536385590542,
                    0.0,
                    0.9723699203976766,
                    1.9447398407953531
                ],
                [
                    0.9723699203976767,
                    0.0,
                    0.2334453638559054,
                    0.4668907277118108
                ],
                [
                    0.0,
                    1.0,
                    -0.0,
                    -0.5
                ],
                [
                    0.0,
                    0.0,
                    0.0,
                    1.0
                ]
            ]
        },
        {
            "file_path": "images/circle_00004.jpg",
            "transform_matrix": [
                [
                    -0.30901699437494745,
                    0.0,
                    0.9510565162951536,
                    1.902113032590307
                ],
                [
                    0.9510565162951536,
                    0.0,
                    0.30901699437494745,
                    0.6180339887498948
                ],
                [
                    0.0,
                    1.0,
                    -0.0,
                    -0.5
                ],
                [
                    0.0,
                    0.0,
                    0.0,
                    1.0
                ]
            ]
        },
        {
            "file_path": "images/circle_00005.jpg",
            "transform_matrix": [
                [
                    -0.3826834323650898,
                    0.0,
                    0.9238795325112867,
                    1.8477590650225735
                ],
                [
                    0.9238795325112867,
                    0.0,
                    0.3826834323650898,
                    0.7653668647301796
                ],
                [
                    0.0,
                    1.0,
                    -0.0,
                    -0.5
                ],
                [
                    0.0,
                    0.0,
                    0.0,
                    1.0
                ]
            ]
        },
        {
            "file_path": "images/circle_00006.jpg",
            "transform_matrix": [
                [
                    -0.45399049973954675,
                    0.0,
                    0.8910065241883679,
                    1.7820130483767358
                ],
                [
                    0.8910065241883679,
                    0.0,
                    0.45399049973954675,
                    0.9079809994790935
                ],
                [
                    0.0,
                    1.0,
                    -0.0,
                    -0.5
                ],
                [
                    0.0,
                    0.0,
                    0.0,
                    1.0
                ]
            ]
        },
        {
            "file_path": "images/circle_00007.jpg",
            "transform_matrix": [
                [
                    -0.5224985647159489,
                    0.0,
                    0.8526401643540923,
                    1.7052803287081844
                ],
                [
                    0.8526401643540923,
                    0.0,
                    0.5224985647159489,
                    1.0449971294318976
                ],
                [
                    0.0,
                    1.0,
                    -0.0,
                    -0.5
                ],
                [
                    0.0,
                    0.0,
                    0.0,
                    1.0
                ]
            ]
        },
        {
            "file_path": "images/circle_00008.jpg",
            "transform_matrix": [
                [
                    -0.5877852522924731,
                    0.0,
                    0.8090169943749475,
                    1.618033988749895
                ],
                [
                    0.8090169943749475,
                    0.0,
                    0.5877852522924731,
                    1.1755705045849463
                ],
                [
                    0.0,
                    1.0,
                    -0.0,
                    -0.5
                ],
                [
                    0.0,
                    0.0,
                    0.0,
                    1.0
                ]
            ]
        },
        {
            "file_path": "images/circle_00009.jpg",
            "transform_matrix": [
                [
                    -0.6494480483301837,
                    0.0,
                    0.7604059656000309,
                    1.5208119312000619
                ],
                [
                    0.7604059656000309,
                    0.0,
                    0.6494480483301837,
                    1.2988960966603673
                ],
                [
                    0.0,
                    1.0,
                    -0.0,
                    -0.5
                ],
                [
                    0.0,
                    0.0,
                    0.0,
                    1.0
                ]
            ]
        },
        {
            "file_path": "images/circle_00010.jpg",
            "transform_matrix": [
                [
                    -0.7071067811865475,
                    0.0,
                    0.7071067811865476,
                    1.4142135623730951
                ],
                [
                    0.7071067811865476,
                    0.0,
                    0.7071067811865475,
                    1.414213562373095
                ],
                [
                    0.0,
                    1.0,
                    -0.0,
                    -0.5
                ],
                [
                    0.0,
                    0.0,
                    0.0,
                    1.0
                ]
            ]
        },
        {
            "file_path": "images/circle_00011.jpg",
            "transform_matrix": [
                [
                    -0.7604059656000309,
                    0.0,
                    0.6494480483301837,
                    1.2988960966603673
                ],
                [
                    0.6494480483301837,
                    0.0,
                    0.7604059656000309,
                    1.5208119312000619
                ],
                [
                    0.0,
                    1.0,
                    -0.0,
                    -0.5
                ],
                [
                    0.0,
                    0.0,
                    0.0,
                    1.0
                ]
            ]
        },
        {
            "file_path": "images/circle_00012.jpg",
            "transform_matrix": [
                [
                    -0.8090169943749475,
                    0.0,
                    0.5877852522924731,
                    1.1755705045849463
                ],
                [
                    0.5877852522924731,
                    0.0,
                    0.8090169943749475,
                    1.618033988749895
                ],
                [
                    0.0,
                    1.0,
                    -0.0,
                    -0.5
                ],
                [
                    0.0,
                    0.0,
                    0.0,
                    1.0
                ]
            ]
        },
        {
            "file_path": "images/circle_00013.jpg",
            "transform_matrix": [
                [
                    -0.8526401643540922,
                    0.0,
                    0.5224985647159489,
                    1.0449971294318978
                ],
                [
                    0.5224985647159489,
                    0.0,
                    0.8526401643540922,
                    1.7052803287081844
                ],
                [
                    0.0,
                    1.0,
                    -0.0,
                    -0.5
                ],
                [
                    0.0,
                    0.0,
                    0.0,
                    1.0
                ]
            ]
        },
        {
            "file_path": "images/circle_00014.jpg",
            "transform_matrix": [
                [
                    -0.8910065241883679,
                    0.0,
                    0.45399049973954686,
                    0.9079809994790936
                ],
                [
                    0.45399049973954686,
                    0.0,
                    0.8910065241883679,
                    1.7820130483767356
                ],
                [
                    0.0,
                    1.0,
                    -0.0,
                    -0.5
                ],
                [
                    0.0,
                    0.0,
                    0.0,
                    1.0
                ]
            ]
        },
        {
            "file_path": "images/circle_00015.jpg",
            "transform_matrix": [
                [
                    -0.9238795325112867,
                    0.0,
                    0.38268343236508984,
                    0.7653668647301797
                ],
                [
                    0.38268343236508984,
                    0.0,
                    0.9238795325112867,
                    1.8477590650225735
                ],
                [
                    0.0,
                    1.0,
                    -0.0,
                    -0.5
                ],
                [
                    0.0,
                    0.0,
                    0.0,
                    1.0
                ]
            ]
        },
        {
            "file_path": "images/circle_00016.jpg",
            "transform_matrix": [
                [
                    -0.9510565162951536,
                    0.0,
                    0.3090169943749475,
                    0.6180339887498949
                ],
                [
                    0.3090169943749475,
                    0.0,
                    0.9510565162951536,
                    1.902113032590307
                ],
                [
                    0.0,
                    1.0,
                    -0.0,
                    -0.5
                ],
                [
                    0.0,
                    0.0,
                    0.0,
                    1.0
                ]
            ]
        },
        {
            "file_path": "images/circle_00017.jpg",
            "transform_matrix": [
                [
                    -0.9723699203976767,
                    0.0,
                    0.2334453638559055,
                    0.46689072771181095
                ],
                [
                    0.2334453638559055,
                    0.0,
                    0.9723699203976767,
                    1.9447398407953531
                ],
                [
                    0.0,
                    1.0,
                    -0.0,
                    -0.5
                ],
                [
                    0.0,
                    0.0,
                    0.0,
                    1.0
                ]
            ]
        },
        {
            "file_path": "images/circle_00018.jpg",
            "transform_matrix": [
                [
                    -0.9876883405951378,
                    0.0,
                    0.15643446504023092,
                    0.31286893008046185
                ],
                [
                    0.15643446504023092,
                    0.0,
                    0.9876883405951378,
                    1.9753766811902755
                ],
                [
                    0.0,
                    1.0,
                    -0.0,
                    -0.5
                ],
                [
                    0.0,
                    0.0,
                    0.0,
                    1.0
                ]
            ]
        },
        {
            "file_path": "images/circle_00019.jpg",
            "transform_matrix": [
                [
                    -0.996917333733128,
                    0.0,
                    0.078459095727845,
                    0.15691819145569
                ],
                [
                    0.078459095727845,
                    0.0,
                    0.996917333733128,
                    1.993834667466256
                ],
                [
                    0.0,
                    1.0,
                    -0.0,
                    -0.5
                ],
                [
                    0.0,
                    0.0,
                    0.0,
                    1.0
                ]
            ]
        },
        {
            "file_path": "images/circle_00020.jpg",
            "transform_matrix": [
                [
                    -1.0,
                    0.0,
                    6.123233995736766e-17,
                    1.2246467991473532e-16
                ],
                [
                    6.123233995736766e-17,
                    0.0,
                    1.0,
                    2.0
                ],
                [
                    0.0,
                    1.0,
                    -0.0,
                    -0.5
                ],
                [
                    0.0,
                    0.0,
                    0.0,
                    1.0
                ]
            ]
        },
        {
            "file_path": "images/circle_00021.jpg",
            "transform_matrix": [
                [
                    -0.996917333733128,
                    0.0,
                    -0.07845909572784487,
                    -0.15691819145568975
                ],
                [
                    -0.07845909572784487,
                    0.0,
                    0.996917333733128,
                    1.993834667466256
                ],
                [
                    0.0,
                    1.0,
                    -0.0,
                    -0.5
                ],
                [
                    0.0,
                    0.0,
                    0.0,
                    1.0
                ]
            ]
        },
        {
            "file_path": "images/circle_00022.jpg",
            "transform_matrix": [
                [
                    -0.9876883405951378,
                    0.0,
                    -0.1564344650402308,
                    -0.3128689300804616
                ],
                [
                    -0.1564344650402308,
                    0.0,
                    0.9876883405951378,
                    1.9753766811902755
                ],
                [
                    0.0,
                    1.0,
                    -0.0,
                    -0.5
                ],
                [
                    0.0,
                    0.0,
                    0.0,
                    1.0
                ]
            ]
        },
        {
            "file_path": "images/circle_00023.jpg",
            "transform_matrix": [
                [
                    -0.9723699203976767,
                    0.0,
                    -0.23344536385590534,
                    -0.46689072771181067
                ],
                [
                    -0.23344536385590534,
                    0.0,
                    0.9723699203976767,
                    1.9447398407953533
                ],
                [
                    0.0,
                    1.0,
                    -0.0,
                    -0.5
                ],
                [
                    0.0,
                    0.0,
                    0.0,
                    1.0
                ]
            ]
        },
        {
            "file_path": "images/circle_00024.jpg",
            "transform_matrix": [
                [
                    -0.9510565162951536,
                    0.0,
                    -0.30901699437494734,
                    -0.6180339887498947
                ],
                [
                    -0.30901699437494734,
                    0.0,
                    0.9510565162951536,
                    1.9021130325903073
                ],
                [
                    0.0,
                    1.0,
                    -0.0,
                    -0.5
                ],
                [
                    0.0,
                    0.0,
                    0.0,
                    1.0
                ]
            ]
        },
        {
            "file_path": "images/circle_00025.jpg",
            "transform_matrix": [
                [
                    -0.9238795325112868,
                    0.0,
                    -0.3826834323650898,
                    -0.7653668647301795
                ],
                [
                    -0.3826834323650898,
                    0.0,
                    0.9238795325112868,
                    1.8477590650225735
                ],
                [
                    0.0,
                    1.0,
                    -0.0,
                    -0.5
                ],
                [
                    0.0,
                    0.0,
                    0.0,
                    1.0
                ]
            ]
        },
        {
            "file_path": "images/circle_00026.jpg",
            "transform_matrix": [
                [
                    -0.8910065241883679,
                    0.0,
                    -0.4539904997395467,
                    -0.9079809994790934
                ],
                [
                    -0.4539904997395467,
                    0.0,
                    0.8910065241883679,
                    1.7820130483767358
                ],
                [
                    0.0,
                    1.0,
                    -0.0,
                    -0.5
                ],
                [
                    0.0,
                    0.0,
                    0.0,
                    1.0
                ]
            ]
        },
        {
            "file_path": "images/circle_00027.jpg",
            "transform_matrix": [
                [
                    -0.8526401643540923,
                    0.0,
                    -0.5224985647159488,
                    -1.0449971294318976
                ],
                [
                    -0.5224985647159488,
                    0.0,
                    0.8526401643540923,
                    1.7052803287081846
                ],
                [
                    0.0,
                    1.0,
                    -0.0,
                    -0.5
                ],
                [
                    0.0,
                    0.0,
                    0.0,
                    1.0
                ]
            ]
        },
        {
            "file_path": "images/circle_00028.jpg",
            "transform_matrix": [
                [
                    -0.8090169943749476,
                    0.0,
                    -0.5877852522924731,
                    -1.175570504584946
                ],
                [
                    -0.5877852522924731,
                    0.0,
                    0.8090169943749476,
                    1.618033988749895
                ],
                [
                    0.0,
                    1.0,
                    -0.0,
                    -0.5
                ],
                [
                    0.0,
                    0.0,
                    0.0,
                    1.0
                ]
            ]
        },
        {
            "file_path": "images/circle_00029.jpg",
            "transform_matrix": [
                [
                    -0.760405965600031,
                    0.0,
                    -0.6494480483301835,
                    -1.298896096660367
                ],
                [
                    -0.6494480483301835,
                    0.0,
                    0.760405965600031,
                    1.520811931200062
                ],
                [
                    0.0,
                    1.0,
                    -0.0,
                    -0.5
                ],
                [
                    0.0,
                    0.0,
                    0.0,
                    1.0
                ]
            ]
        },
        {
            "file_path": "images/circle_00030.jpg",
            "transform_matrix": [
                [
                    -0.7071067811865476,
                    0.0,
                    -0.7071067811865475,
                    -1.414213562373095
                ],
                [
                    -0.7071067811865475,
                    0.0,
                    0.7071067811865476,
                    1.4142135623730951
                ],
                [
                    0.0,
                    1.0,
                    -0.0,
                    -0.5
                ],
                [
                    0.0,
                    0.0,
                    0.0,
                    1.0
                ]
            ]
        },
        {
            "file_path": "images/circle_00031.jpg",
            "transform_matrix": [
                [
                    -0.6494480483301838,
                    0.0,
                    -0.7604059656000309,
                    -1.5208119312000619
                ],
                [
                    -0.7604059656000309,
                    0.0,
                    0.6494480483301838,
                    1.2988960966603675
                ],
                [
                    0.0,
                    1.0,
                    -0.0,
                    -0.5
                ],
                [
                    0.0,
                    0.0,
                    0.0,
                    1.0
                ]
            ]
        },
        {
            "file_path": "images/circle_00032.jpg",
            "transform_matrix": [
                [
                    -0.5877852522924732,
                    0.0,
                    -0.8090169943749473,
                    -1.6180339887498947
                ],
                [
                    -0.8090169943749473,
                    0.0,
                    0.5877852522924732,
                    1.1755705045849465
                ],
                [
                    0.0,
                    1.0,
                    -0.0,
                    -0.5
                ],
                [
                    0.0,
                    0.0,
                    0.0,
                    1.0
                ]
            ]
        },
        {
            "file_path": "images/circle_00033.jpg",
            "transform_matrix": [
                [
                    -0.5224985647159489,
                    0.0,
                    -0.8526401643540922,
                    -1.7052803287081844
                ],
                [
                    -0.8526401643540922,
                    0.0,
                    0.5224985647159489,
                    1.0449971294318978
                ],
                [
                    0.0,
                    1.0,
                    -0.0,
                    -0.5
                ],
                [
                    0.0,
                    0.0,
                    0.0,
                    1.0
                ]
            ]
        },
        {
            "file_path": "images/circle_00034.jpg",
            "transform_matrix": [
                [
                    -0.4539904997395469,
                    0.0,
                    -0.8910065241883678,
                    -1.7820130483767356
                ],
                [
                    -0.8910065241883679,
                    0.0,
                    0.45399049973954686,
                    0.9079809994790937
                ],
                [
                    0.0,
                    1.0,
                    -0.0,
                    -0.5
                ],
                [
                    0.0,
                    0.0,
                    0.0,
                    1.0
                ]
            ]
        },
        {
            "file_path": "images/circle_00035.jpg",
            "transform_matrix": [
                [
                    -0.3826834323650899,
                    0.0,
                    -0.9238795325112867,
                    -1.8477590650225735
                ],
                [
                    -0.9238795325112867,
                    0.0,
                    0.3826834323650899,
                    0.7653668647301798
                ],
                [
                    0.0,
                    1.0,
                    -0.0,
                    -0.5
                ],
                [
                    0.0,
                    0.0,
                    0.0,
                    1.0
                ]
            ]
        },
        {
            "file_path": "images/circle_00036.jpg",
            "transform_matrix": [
                [
                    -0.3090169943749475,
                    0.0,
                    -0.9510565162951535,
                    -1.902113032590307
                ],
                [
                    -0.9510565162951535,
                    0.0,
                    0.3090169943749475,
                    0.618033988749895
                ],
                [
                    0.0,
                    1.0,
                    -0.0,
                    -0.5
                ],
                [
                    0.0,
                    0.0,
                    0.0,
                    1.0
                ]
            ]
        },
        {
            "file_path": "images/circle_00037.jpg",
            "transform_matrix": [
                [
                    -0.23344536385590553,
                    0.0,
                    -0.9723699203976766,
                    -1.9447398407953531
                ],
                [
                    -0.9723699203976766,
                    0.0,
                    0.23344536385590553,
                    0.46689072771181106
                ],
                [
                    0.0,
                    1.0,
                    -0.0,
                    -0.5
                ],
                [
                    0.0,
                    0.0,
                    0.0,
                    1.0
                ]
            ]
        },
        {
            "file_path": "images/circle_00038.jpg",
            "transform_matrix": [
                [
                    -0.156434465040231,
                    0.0,
                    -0.9876883405951378,
                    -1.9753766811902753
                ],
                [
                    -0.9876883405951378,
                    0.0,
                    0.156434465040231,
                    0.31286893008046196
                ],
                [
                    0.0,
                    1.0,
                    -0.0,
                    -0.5
                ],
                [
                    0.0,
                    0.0,
                    0.0,
                    1.0
                ]
            ]
        },
        {
            "file_path": "images/circle_00039.jpg",
            "transform_matrix": [
                [
                    -0.07845909572784507,
                    0.0,
                    -0.996917333733128,
                    -1.993834667466256
                ],
                [
                    -0.996917333733128,
                    0.0,
                    0.07845909572784507,
                    0.15691819145569014
                ],
                [
                    0.0,
                    1.0,
                    -0.0,
                    -0.5
                ],
                [
                    0.0,
                    0.0,
                    0.0,
                    1.0
                ]
            ]
        },
        {
            "file_path": "images/circle_00040.jpg",
            "transform_matrix": [
                [
                    -1.2246467991473532e-16,
                    0.0,
                    -1.0,
                    -2.0
                ],
                [
                    -1.0,
                    0.0,
                    1.2246467991473532e-16,
                    2.4492935982947064e-16
                ],
                [
                    0.0,
                    1.0,
                    -0.0,
                    -0.5
                ],
                [
                    0.0,
                    0.0,
                    0.0,
                    1.0
                ]
            ]
        },
        {
            "file_path": "images/circle_00041.jpg",
            "transform_matrix": [
                [
                    0.07845909572784482,
                    0.0,
                    -0.996917333733128,
                    -1.993834667466256
                ],
                [
                    -0.996917333733128,
                    0.0,
                    -0.07845909572784482,
                    -0.15691819145568964
                ],
                [
                    0.0,
                    1.0,
                    -0.0,
                    -0.5
                ],
                [
                    0.0,
                    0.0,
                    0.0,
                    1.0
                ]
            ]
        },
        {
            "file_path": "images/circle_00042.jpg",
            "transform_matrix": [
                [
                    0.15643446504023073,
                    0.0,
                    -0.9876883405951378,
                    -1.9753766811902755
                ],
                [
                    -0.9876883405951378,
                    0.0,
                    -0.15643446504023073,
                    -0.31286893008046146
                ],
                [
                    0.0,
                    1.0,
                    -0.0,
                    -0.5
                ],
                [
                    0.0,
                    0.0,
                    0.0,
                    1.0
                ]
            ]
        },
        {
            "file_path": "images/circle_00043.jpg",
            "transform_matrix": [
                [
                    0.23344536385590528,
                    0.0,
                    -0.9723699203976767,
                    -1.9447398407953533
                ],
                [
                    -0.9723699203976767,
                    0.0,
                    -0.23344536385590528,
                    -0.46689072771181056
                ],
                [
                    0.0,
                    1.0,
                    -0.0,
                    -0.5
                ],
                [
                    0.0,
                    0.0,
                    0.0,
                    1.0
                ]
            ]
        },
        {
            "file_path": "images/circle_00044.jpg",
            "transform_matrix": [
                [
                    0.3090169943749473,
                    0.0,
                    -0.9510565162951536,
                    -1.9021130325903073
                ],
                [
                    -0.9510565162951536,
                    0.0,
                    -0.3090169943749473,
                    -0.6180339887498946
                ],
                [
                    0.0,
                    1.0,
                    -0.0,
                    -0.5
                ],
                [
                    0.0,
                    0.0,
                    0.0,
                    1.0
                ]
            ]
        },
        {
            "file_path": "images/circle_00045.jpg",
            "transform_matrix": [
                [
                    0.38268343236508967,
                    0.0,
                    -0.9238795325112868,
                    -1.8477590650225737
                ],
                [
                    -0.9238795325112868,
                    0.0,
                    -0.38268343236508967,
                    -0.7653668647301793
                ],
                [
                    0.0,
                    1.0,
                    -0.0,
                    -0.5
                ],
                [
                    0.0,
                    0.0,
                    0.0,
                    1.0
                ]
            ]
        },
        {
            "file_path": "images/circle_00046.jpg",
            "transform_matrix": [
                [
                    0.4539904997395467,
                    0.0,
                    -0.8910065241883679,
                    -1.7820130483767358
                ],
                [
                    -0.8910065241883679,
                    0.0,
                    -0.4539904997395467,
                    -0.9079809994790934
                ],
                [
                    0.0,
                    1.0,
                    -0.0,
                    -0.5
                ],
                [
                    0.0,
                    0.0,
                    0.0,
                    1.0
                ]
            ]
        },
        {
            "file_path": "images/circle_00047.jpg",
            "transform_matrix": [
                [
                    0.5224985647159488,
                    0.0,
                    -0.8526401643540924,
                    -1.7052803287081846
                ],
                [
                    -0.8526401643540924,
                    0.0,
                    -0.5224985647159488,
                    -1.0449971294318974
                ],
                [
                    0.0,
                    1.0,
                    -0.0,
                    -0.5
                ],
                [
                    0.0,
                    0.0,
                    0.0,
                    1.0
                ]
            ]
        },
        {
            "file_path": "images/circle_00048.jpg",
            "transform_matrix": [
                [
                    0.587785252292473,
                    0.0,
                    -0.8090169943749476,
                    -1.6180339887498951
                ],
                [
                    -0.8090169943749476,
                    0.0,
                    -0.587785252292473,
                    -1.175570504584946
                ],
                [
                    0.0,
                    1.0,
                    -0.0,
                    -0.5
                ],
                [
                    0.0,
                    0.0,
                    0.0,
                    1.0
                ]
            ]
        },
        {
            "file_path": "images/circle_00049.jpg",
            "transform_matrix": [
                [
                    0.6494480483301835,
                    0.0,
                    -0.760405965600031,
                    -1.520811931200062
                ],
                [
                    -0.760405965600031,
                    0.0,
                    -0.6494480483301835,
                    -1.298896096660367
                ],
                [
                    0.0,
                    1.0,
                    -0.0,
                    -0.5
                ],
                [
                    0.0,
                    0.0,
                    0.0,
                    1.0
                ]
            ]
        },
        {
            "file_path": "images/circle_00050.jpg",
            "transform_matrix": [
                [
                    0.7071067811865475,
                    0.0,
                    -0.7071067811865477,
                    -1.4142135623730954
                ],
                [
                    -0.7071067811865477,
                    0.0,
                    -0.7071067811865475,
                    -1.414213562373095
                ],
                [
                    0.0,
                    1.0,
                    -0.0,
                    -0.5
                ],
                [
                    0.0,
                    0.0,
                    0.0,
                    1.0
                ]
            ]
        },
        {
            "file_path": "images/circle_00051.jpg",
            "transform_matrix": [
                [
                    0.7604059656000306,
                    0.0,
                    -0.6494480483301841,
                    -1.2988960966603682
                ],
                [
                    -0.6494480483301841,
                    0.0,
                    -0.7604059656000306,
                    -1.5208119312000612
                ],
                [
                    0.0,
                    1.0,
                    -0.0,
                    -0.5
                ],
                [
                    0.0,
                    0.0,
                    0.0,
                    1.0
                ]
